1,Дашков Д.А.,89546678455,1,ул.Ленина 23,1,1990,1500,1,100000,5000,12 месяцев
2,Горбунова Н.В.,89876543212,2,ул.Гогобиридзе 3,2,2005,2000,2,150000,7500,6 месяцев
3,Ерохин М.Е.,89551234567,1,ул.Чистова 29,1,1980,1800,3,120000,6000,12 месяцев
113,Иванов И.И.,89231231212,1,ул.Пушкина 12,2,1985,2000,1,90000,7500,1 месяц
24,Смирнова Е.С.,89231231456,2,ул.Космонавтов 3,1,1992,1700,2,80000,6667,2 месяца
38,Петров П.П.,89231232256,1,пер.Лермонтова 9,1,1990,1500,1,100000,8333,6 месяцев
4,Кузнецова А.Н.,89231324567,1,ул.Декабристов 120,2,1989,1800,2,95000,7917,12 месяцев
59,Соколов И.В.,89231098765,1,ул.Чехова 28,1,1991,1600,3,85000,7083,3 месяца
6,Лебедев К.А.,89231246689,1,ул.Октябрьская 55,2,1988,1900,2,97000,8083,2 месяца
8,Новиков М.И.,89231267788,2,ул.Советская 22,1,1986,2100,3,105000,8750,6 месяцев
122,Васильев Д.О.,89231234521,1,ул.Мира 48,1,1987,1850,3,92000,7667,1 месяц
13,Зайцева Э.Ю.,89231200000,2,ул.Пролетарская 18,1,1995,1500,3,75000,6250,4 месяца
154,Павлов Д.К.,89231211111,1,ул.Победы 3,1,1981,2300,1,115000,9583,6 месяцев
15,Семенова О.В.,89231222222,1,ул.Ленинградская 59,1,1983,1950,1,98000,8167,1 месяц
10,Попова Л.И.,89231876543,1,ул.Гагарина 11,1,1984,2000,1,100000,8333,2 месяца
555,Лаыпып Р.Л.,900000000000000,2,Лггшщщ,1,2023,1200,1,3456,4567,23
